0.000000  0.000000   0.000000   0.000000   0.000000 
0.050000  0.000000   0.000000   0.000000   0.000000 
0.100000  0.000000   0.000000   0.000000   0.000000 
0.150000  0.000000   0.000000   0.000000   0.000000 
0.200000  0.000000   0.000000   0.000000   0.000000 
0.250000  0.000000   0.000000   0.000000   0.000000 
0.300000  0.000000   0.000000   0.000000   0.000000 
0.350000  0.000000   0.000000   0.000000   0.000000 
0.400000  0.000000   0.000000   0.000000   0.000000 
0.450000  0.000000   0.000000   0.000000   0.000000 
0.500000  0.000000   0.000000   0.000000   0.000000 
0.550000  0.000000   0.000000   0.000000   0.000000 
0.600000  0.000000   0.000000   0.000000   0.000000 
0.650000  0.000000   0.000000   0.000000   0.000000 
0.700000  0.000000   0.000000   0.000000   0.000000 
0.750000  0.000000   0.000000   0.000000   0.000000 
0.800000  0.000000   0.000000   0.000000   0.000000 
0.850000  0.000000   0.000000   0.000000   0.000000 
0.900000  0.000000   0.000000   0.000000   0.000000 
0.950000  0.000000   0.000000   0.000000   0.000000 
1.000000  0.000000   1.000000   0.000000   0.007057 
1.000000  0.050000   1.000000   0.000000   0.021188 
1.000000  0.100000   1.000000   0.000000   0.035372 
1.000000  0.150000   1.000000   0.000000   0.049644 
1.000000  0.200000   1.000000   0.000000   0.064041 
1.000000  0.250000   1.000000   0.000000   0.078598 
1.000000  0.300000   1.000000   0.000000   0.093351 
1.000000  0.350000   1.000000   0.000000   0.108338 
1.000000  0.400000   1.000000   0.000000   0.123596 
1.000000  0.450000   1.000000   0.000000   0.139163 
1.000000  0.500000   1.000000   0.000000   0.155077 
1.000000  0.550000   1.000000   0.000000   0.171380 
1.000000  0.600000   1.000000   0.000000   0.188111 
1.000000  0.650000   1.000000   0.000000   0.205312 
1.000000  0.700000   1.000000   0.000000   0.223027 
1.000000  0.750000   1.000000   0.000000   0.241299 
1.000000  0.800000   1.000000   0.000000   0.260175 
1.000000  0.850000   1.000000   0.000000   0.279702 
1.000000  0.900000   1.000000   0.000000   0.299928 
1.000000  0.950000   1.000000   0.000000   0.320903 
1.000000  1.000000   1.000000   0.000000   0.505109 
0.950000  1.000000   1.000000   0.000000   0.842470 
0.900000  1.000000   1.000000   0.000000   1.160911 
0.850000  1.000000   1.000000   0.000000   1.453281 
0.800000  1.000000   1.000000   0.000000   1.713013 
0.750000  1.000000   1.000000   0.000000   1.934275 
0.700000  1.000000   1.000000   0.000000   2.112097 
0.650000  1.000000   1.000000   0.000000   2.242485 
0.600000  1.000000   1.000000   0.000000   2.322513 
0.550000  1.000000   1.000000   0.000000   2.350382 
0.500000  1.000000   1.000000   0.000000   2.325466 
0.450000  1.000000   1.000000   0.000000   2.248325 
0.400000  1.000000   1.000000   0.000000   2.120692 
0.350000  1.000000   1.000000   0.000000   1.945432 
0.300000  1.000000   1.000000   0.000000   1.726483 
0.250000  1.000000   1.000000   0.000000   1.468760 
0.200000  1.000000   1.000000   0.000000   1.178052 
0.150000  1.000000   1.000000   0.000000   0.860888 
0.100000  1.000000   1.000000   0.000000   0.524390 
0.050000  1.000000   1.000000   0.000000   0.176115 
0.000000  1.000000   0.000000   0.000000   0.000000 
0.000000  0.950000   0.000000   0.000000   0.000000 
0.000000  0.900000   0.000000   0.000000   0.000000 
0.000000  0.850000   0.000000   0.000000   0.000000 
0.000000  0.800000   0.000000   0.000000   0.000000 
0.000000  0.750000   0.000000   0.000000   0.000000 
0.000000  0.700000   0.000000   0.000000   0.000000 
0.000000  0.650000   0.000000   0.000000   0.000000 
0.000000  0.600000   0.000000   0.000000   0.000000 
0.000000  0.550000   0.000000   0.000000   0.000000 
0.000000  0.500000   0.000000   0.000000   0.000000 
0.000000  0.450000   0.000000   0.000000   0.000000 
0.000000  0.400000   0.000000   0.000000   0.000000 
0.000000  0.350000   0.000000   0.000000   0.000000 
0.000000  0.300000   0.000000   0.000000   0.000000 
0.000000  0.250000   0.000000   0.000000   0.000000 
0.000000  0.200000   0.000000   0.000000   0.000000 
0.000000  0.150000   0.000000   0.000000   0.000000 
0.000000  0.100000   0.000000   0.000000   0.000000 
0.000000  0.050000   0.000000   0.000000   0.000000 
0.000000  0.000000   0.000000   0.000000   0.000000 
