0.000000  0.000000   0.000000   0.000000   0.000000 
0.050000  0.000000   0.000000   0.000000   0.000000 
0.100000  0.000000   0.000000   0.000000   0.000000 
0.150000  0.000000   0.000000   0.000000   0.000000 
0.200000  0.000000   0.000000   0.000000   0.000000 
0.250000  0.000000   0.000000   0.000000   0.000000 
0.300000  0.000000   0.000000   0.000000   0.000000 
0.350000  0.000000   0.000000   0.000000   0.000000 
0.400000  0.000000   0.000000   0.000000   0.000000 
0.450000  0.000000   0.000000   0.000000   0.000000 
0.500000  0.000000   0.000000   0.000000   0.000000 
0.550000  0.000000   0.000000   0.000000   0.000000 
0.600000  0.000000   0.000000   0.000000   0.000000 
0.650000  0.000000   0.000000   0.000000   0.000000 
0.700000  0.000000   0.000000   0.000000   0.000000 
0.750000  0.000000   0.000000   0.000000   0.000000 
0.800000  0.000000   0.000000   0.000000   0.000000 
0.850000  0.000000   0.000000   0.000000   0.000000 
0.900000  0.000000   0.000000   0.000000   0.000000 
0.950000  0.000000   0.000000   0.000000   0.000000 
1.000000  0.000000   1.000000   0.000000   0.001250 
1.000000  0.050000   1.000000   0.000000   0.011250 
1.000000  0.100000   1.000000   0.000000   0.031250 
1.000000  0.150000   1.000000   0.000000   0.061250 
1.000000  0.200000   1.000000   0.000000   0.101250 
1.000000  0.250000   1.000000   0.000000   0.151250 
1.000000  0.300000   1.000000   0.000000   0.211250 
1.000000  0.350000   1.000000   0.000000   0.281250 
1.000000  0.400000   1.000000   0.000000   0.361250 
1.000000  0.450000   1.000000   0.000000   0.451250 
1.000000  0.500000   1.000000   0.000000   0.551250 
1.000000  0.550000   1.000000   0.000000   0.661250 
1.000000  0.600000   1.000000   0.000000   0.781250 
1.000000  0.650000   1.000000   0.000000   0.911250 
1.000000  0.700000   1.000000   0.000000   1.051250 
1.000000  0.750000   1.000000   0.000000   1.201250 
1.000000  0.800000   1.000000   0.000000   1.361250 
1.000000  0.850000   1.000000   0.000000   1.531250 
1.000000  0.900000   1.000000   0.000000   1.711250 
1.000000  0.950000   1.000000   0.000000   1.901250 
1.000000  1.000000   1.000000   0.000000   1.901250 
0.950000  1.000000   1.000000   0.000000   1.711250 
0.900000  1.000000   1.000000   0.000000   1.531250 
0.850000  1.000000   1.000000   0.000000   1.361250 
0.800000  1.000000   1.000000   0.000000   1.201250 
0.750000  1.000000   1.000000   0.000000   1.051250 
0.700000  1.000000   1.000000   0.000000   0.911250 
0.650000  1.000000   1.000000   0.000000   0.781250 
0.600000  1.000000   1.000000   0.000000   0.661250 
0.550000  1.000000   1.000000   0.000000   0.551250 
0.500000  1.000000   1.000000   0.000000   0.451250 
0.450000  1.000000   1.000000   0.000000   0.361250 
0.400000  1.000000   1.000000   0.000000   0.281250 
0.350000  1.000000   1.000000   0.000000   0.211250 
0.300000  1.000000   1.000000   0.000000   0.151250 
0.250000  1.000000   1.000000   0.000000   0.101250 
0.200000  1.000000   1.000000   0.000000   0.061250 
0.150000  1.000000   1.000000   0.000000   0.031250 
0.100000  1.000000   1.000000   0.000000   0.011250 
0.050000  1.000000   1.000000   0.000000   0.001250 
0.000000  1.000000   0.000000   0.000000   0.000000 
0.000000  0.950000   0.000000   0.000000   0.000000 
0.000000  0.900000   0.000000   0.000000   0.000000 
0.000000  0.850000   0.000000   0.000000   0.000000 
0.000000  0.800000   0.000000   0.000000   0.000000 
0.000000  0.750000   0.000000   0.000000   0.000000 
0.000000  0.700000   0.000000   0.000000   0.000000 
0.000000  0.650000   0.000000   0.000000   0.000000 
0.000000  0.600000   0.000000   0.000000   0.000000 
0.000000  0.550000   0.000000   0.000000   0.000000 
0.000000  0.500000   0.000000   0.000000   0.000000 
0.000000  0.450000   0.000000   0.000000   0.000000 
0.000000  0.400000   0.000000   0.000000   0.000000 
0.000000  0.350000   0.000000   0.000000   0.000000 
0.000000  0.300000   0.000000   0.000000   0.000000 
0.000000  0.250000   0.000000   0.000000   0.000000 
0.000000  0.200000   0.000000   0.000000   0.000000 
0.000000  0.150000   0.000000   0.000000   0.000000 
0.000000  0.100000   0.000000   0.000000   0.000000 
0.000000  0.050000   0.000000   0.000000   0.000000 
0.000000  0.000000   0.000000   0.000000   0.000000 
