0.000000  0.000000   0.000000   0.049979   0.000000 
0.078540  0.000000   0.000000   0.205603   0.000000 
0.157080  0.000000   0.000000   0.356164   0.000000 
0.235619  0.000000   0.000000   0.497955   0.000000 
0.314159  0.000000   0.000000   0.627485   0.000000 
0.392699  0.000000   0.000000   0.741564   0.000000 
0.471239  0.000000   0.000000   0.837383   0.000000 
0.549779  0.000000   0.000000   0.912583   0.000000 
0.628319  0.000000   0.000000   0.965312   0.000000 
0.706858  0.000000   0.000000   0.994272   0.000000 
0.785398  0.000000   0.000000   0.998750   0.000000 
0.863938  0.000000   0.000000   0.978636   0.000000 
0.942478  0.000000   0.000000   0.934424   0.000000 
1.021018  0.000000   0.000000   0.867203   0.000000 
1.099557  0.000000   0.000000   0.778629   0.000000 
1.178097  0.000000   0.000000   0.670882   0.000000 
1.256637  0.000000   0.000000   0.546617   0.000000 
1.335177  0.000000   0.000000   0.408891   0.000000 
1.413717  0.000000   0.000000   0.261098   0.000000 
1.492257  0.000000   0.000000   0.106875   0.000000 
1.570796  0.000000   1.000000   0.000000   -2.050630 
1.570796  0.050000   1.000000   0.000000   -2.155768 
1.570796  0.100000   1.000000   0.000000   -2.266297 
1.570796  0.150000   1.000000   0.000000   -2.382492 
1.570796  0.200000   1.000000   0.000000   -2.504645 
1.570796  0.250000   1.000000   0.000000   -2.633061 
1.570796  0.300000   1.000000   0.000000   -2.768061 
1.570796  0.350000   1.000000   0.000000   -2.909983 
1.570796  0.400000   1.000000   0.000000   -3.059181 
1.570796  0.450000   1.000000   0.000000   -3.216028 
1.570796  0.500000   1.000000   0.000000   -3.380918 
1.570796  0.550000   1.000000   0.000000   -3.554261 
1.570796  0.600000   1.000000   0.000000   -3.736492 
1.570796  0.650000   1.000000   0.000000   -3.928066 
1.570796  0.700000   1.000000   0.000000   -4.129462 
1.570796  0.750000   1.000000   0.000000   -4.341184 
1.570796  0.800000   1.000000   0.000000   -4.563762 
1.570796  0.850000   1.000000   0.000000   -4.797751 
1.570796  0.900000   1.000000   0.000000   -5.043737 
1.570796  0.950000   1.000000   0.000000   -5.302334 
1.570796  1.000000   1.000000   0.000000   0.135857 
1.520796  1.000000   1.000000   0.000000   0.406215 
1.470796  1.000000   1.000000   0.000000   0.672514 
1.420796  1.000000   1.000000   0.000000   0.932093 
1.370796  1.000000   1.000000   0.000000   1.182359 
1.320796  1.000000   1.000000   0.000000   1.420811 
1.270796  1.000000   1.000000   0.000000   1.645067 
1.220796  1.000000   1.000000   0.000000   1.852886 
1.170796  1.000000   1.000000   0.000000   2.042192 
1.120796  1.000000   1.000000   0.000000   2.211093 
1.070796  1.000000   1.000000   0.000000   2.357901 
1.020796  1.000000   1.000000   0.000000   2.481150 
0.970796  1.000000   1.000000   0.000000   2.579608 
0.920796  1.000000   1.000000   0.000000   2.652291 
0.870796  1.000000   1.000000   0.000000   2.698474 
0.820796  1.000000   1.000000   0.000000   2.717694 
0.770796  1.000000   1.000000   0.000000   2.709760 
0.720796  1.000000   1.000000   0.000000   2.674751 
0.670796  1.000000   1.000000   0.000000   2.613017 
0.620796  1.000000   1.000000   0.000000   2.525174 
0.000000  1.000000   0.000000   0.000000   0.000000 
0.000000  0.950000   0.000000   0.000000   0.000000 
0.000000  0.900000   0.000000   0.000000   0.000000 
0.000000  0.850000   0.000000   0.000000   0.000000 
0.000000  0.800000   0.000000   0.000000   0.000000 
0.000000  0.750000   0.000000   0.000000   0.000000 
0.000000  0.700000   0.000000   0.000000   0.000000 
0.000000  0.650000   0.000000   0.000000   0.000000 
0.000000  0.600000   0.000000   0.000000   0.000000 
0.000000  0.550000   0.000000   0.000000   0.000000 
0.000000  0.500000   0.000000   0.000000   0.000000 
0.000000  0.450000   0.000000   0.000000   0.000000 
0.000000  0.400000   0.000000   0.000000   0.000000 
0.000000  0.350000   0.000000   0.000000   0.000000 
0.000000  0.300000   0.000000   0.000000   0.000000 
0.000000  0.250000   0.000000   0.000000   0.000000 
0.000000  0.200000   0.000000   0.000000   0.000000 
0.000000  0.150000   0.000000   0.000000   0.000000 
0.000000  0.100000   0.000000   0.000000   0.000000 
0.000000  0.050000   0.000000   0.000000   0.000000 
0.000000  0.000000   0.000000   0.049979   0.000000 
