0.000000  0.000000   0.000000 
0.000000  0.000000   0.000000 
0.000000  0.000000   0.000000 
0.000000  0.000000   0.000000 
0.000000  0.000000   0.000000 
0.000000  0.000000   0.000000 
0.000000  0.000000   0.000000 
0.000000  0.000000   0.000000 
0.000000  0.000000   0.000000 
0.000000  0.000000   0.000000 
0.000000  0.000000   0.000000 
0.000000  0.000000   0.000000 
0.000000  0.000000   0.000000 
0.000000  0.000000   0.000000 
0.000000  0.000000   0.000000 
0.000000  0.000000   0.000000 
0.000000  0.000000   0.000000 
0.000000  0.000000   0.000000 
0.000000  0.000000   0.000000 
0.000000  0.000000   0.000000 
0.003283  0.000625   0.002658 
0.006401  0.005625   0.000776 
0.015979  0.015625   0.000354 
0.030763  0.030625   0.000138 
0.050614  0.050625   0.000011 
0.075493  0.075625   0.000132 
0.105384  0.105625   0.000241 
0.140278  0.140625   0.000347 
0.180172  0.180625   0.000453 
0.225059  0.225625   0.000566 
0.274937  0.275625   0.000688 
0.329800  0.330625   0.000825 
0.389644  0.390625   0.000981 
0.454461  0.455625   0.001164 
0.524238  0.525625   0.001387 
0.598958  0.600625   0.001667 
0.678582  0.680625   0.002043 
0.763031  0.765625   0.002594 
0.852060  0.855625   0.003565 
0.944006  0.950625   0.006619 
0.944006  0.950625   0.006619 
0.852060  0.855625   0.003565 
0.763031  0.765625   0.002594 
0.678582  0.680625   0.002043 
0.598958  0.600625   0.001667 
0.524238  0.525625   0.001387 
0.454461  0.455625   0.001164 
0.389644  0.390625   0.000981 
0.329800  0.330625   0.000825 
0.274937  0.275625   0.000688 
0.225059  0.225625   0.000566 
0.180172  0.180625   0.000453 
0.140278  0.140625   0.000347 
0.105384  0.105625   0.000241 
0.075493  0.075625   0.000132 
0.050614  0.050625   0.000011 
0.030763  0.030625   0.000138 
0.015979  0.015625   0.000354 
0.006401  0.005625   0.000776 
0.003283  0.000625   0.002658 
0.000000  0.000000   0.000000 
0.000000  0.000000   0.000000 
0.000000  0.000000   0.000000 
0.000000  0.000000   0.000000 
0.000000  0.000000   0.000000 
0.000000  0.000000   0.000000 
0.000000  0.000000   0.000000 
0.000000  0.000000   0.000000 
0.000000  0.000000   0.000000 
0.000000  0.000000   0.000000 
0.000000  0.000000   0.000000 
0.000000  0.000000   0.000000 
0.000000  0.000000   0.000000 
0.000000  0.000000   0.000000 
0.000000  0.000000   0.000000 
0.000000  0.000000   0.000000 
0.000000  0.000000   0.000000 
0.000000  0.000000   0.000000 
0.000000  0.000000   0.000000 
0.000000  0.000000   0.000000 
-0.000148  0.000015   0.000164 
-0.000077  0.000061   0.000138 
0.000008  0.000137   0.000129 
0.000119  0.000244   0.000125 
0.000258  0.000381   0.000124 
0.000429  0.000549   0.000121 
0.000630  0.000748   0.000118 
0.000861  0.000977   0.000115 
0.001127  0.001236   0.000109 
0.001432  0.001526   0.000094 
0.001777  0.001846   0.000069 
0.002169  0.002197   0.000028 
0.002626  0.002579   0.000048 
0.003197  0.002991   0.000207 
0.004005  0.003433   0.000572 
-0.000077  0.000061   0.000138 
0.000105  0.000244   0.000139 
0.000411  0.000549   0.000139 
0.000837  0.000977   0.000139 
0.001385  0.001526   0.000141 
0.002054  0.002197   0.000143 
0.002847  0.002991   0.000144 
0.003764  0.003906   0.000142 
0.004809  0.004944   0.000135 
0.005983  0.006104   0.000121 
0.007292  0.007385   0.000094 
0.008742  0.008789   0.000047 
0.010347  0.010315   0.000032 
0.012123  0.011963   0.000160 
0.014069  0.013733   0.000336 
0.000008  0.000137   0.000129 
0.000411  0.000549   0.000139 
0.001090  0.001236   0.000146 
0.002045  0.002197   0.000153 
0.003274  0.003433   0.000160 
0.004778  0.004944   0.000166 
0.006558  0.006729   0.000171 
0.008616  0.008789   0.000173 
0.010954  0.011124   0.000170 
0.013574  0.013733   0.000159 
0.016481  0.016617   0.000136 
0.019679  0.019775   0.000096 
0.023173  0.023209   0.000036 
0.026963  0.026917   0.000046 
0.031030  0.030899   0.000131 
0.000119  0.000244   0.000125 
0.000837  0.000977   0.000139 
0.002045  0.002197   0.000153 
0.003741  0.003906   0.000165 
0.005925  0.006104   0.000178 
0.008598  0.008789   0.000191 
0.011761  0.011963   0.000202 
0.015415  0.015625   0.000210 
0.019563  0.019775   0.000213 
0.024206  0.024414   0.000208 
0.029347  0.029541   0.000194 
0.034989  0.035156   0.000168 
0.041132  0.041260   0.000127 
0.047774  0.047852   0.000077 
0.054903  0.054932   0.000028 
0.000258  0.000381   0.000124 
0.001385  0.001526   0.000141 
0.003274  0.003433   0.000160 
0.005925  0.006104   0.000178 
0.009339  0.009537   0.000198 
0.013516  0.013733   0.000217 
0.018457  0.018692   0.000235 
0.024163  0.024414   0.000251 
0.030637  0.030899   0.000262 
0.037879  0.038147   0.000268 
0.045892  0.046158   0.000265 
0.054679  0.054932   0.000253 
0.064238  0.064468   0.000231 
0.074567  0.074768   0.000201 
0.085663  0.085831   0.000168 
0.000429  0.000549   0.000121 
0.002054  0.002197   0.000143 
0.004778  0.004944   0.000166 
0.008598  0.008789   0.000191 
0.013516  0.013733   0.000217 
0.019532  0.019775   0.000244 
0.026646  0.026917   0.000270 
0.034860  0.035156   0.000296 
0.044176  0.044495   0.000318 
0.054596  0.054932   0.000336 
0.066121  0.066467   0.000347 
0.078753  0.079102   0.000349 
0.092493  0.092834   0.000342 
0.107340  0.107666   0.000326 
0.123292  0.123596   0.000304 
0.000630  0.000748   0.000118 
0.002847  0.002991   0.000144 
0.006558  0.006729   0.000171 
0.011761  0.011963   0.000202 
0.018457  0.018692   0.000235 
0.026646  0.026917   0.000270 
0.036329  0.036636   0.000307 
0.047507  0.047852   0.000344 
0.060183  0.060562   0.000379 
0.074357  0.074768   0.000411 
0.090033  0.090469   0.000436 
0.107212  0.107666   0.000454 
0.125896  0.126358   0.000462 
0.146087  0.146545   0.000458 
0.167784  0.168228   0.000445 
0.000861  0.000977   0.000115 
0.003764  0.003906   0.000142 
0.008616  0.008789   0.000173 
0.015415  0.015625   0.000210 
0.024163  0.024414   0.000251 
0.034860  0.035156   0.000296 
0.047507  0.047852   0.000344 
0.062106  0.062500   0.000394 
0.078658  0.079102   0.000444 
0.097165  0.097656   0.000491 
0.117630  0.118164   0.000534 
0.140055  0.140625   0.000570 
0.164446  0.165039   0.000593 
0.190804  0.191406   0.000602 
0.219133  0.219727   0.000593 
0.001127  0.001236   0.000109 
0.004809  0.004944   0.000135 
0.010954  0.011124   0.000170 
0.019563  0.019775   0.000213 
0.030637  0.030899   0.000262 
0.044176  0.044495   0.000318 
0.060183  0.060562   0.000379 
0.078658  0.079102   0.000444 
0.099603  0.100113   0.000510 
0.123019  0.123596   0.000577 
0.148911  0.149551   0.000640 
0.177282  0.177979   0.000696 
0.208138  0.208878   0.000740 
0.241484  0.242249   0.000764 
0.277330  0.278091   0.000761 
0.001432  0.001526   0.000094 
0.005983  0.006104   0.000121 
0.013574  0.013733   0.000159 
0.024206  0.024414   0.000208 
0.037879  0.038147   0.000268 
0.054596  0.054932   0.000336 
0.074357  0.074768   0.000411 
0.097165  0.097656   0.000491 
0.123019  0.123596   0.000577 
0.151923  0.152588   0.000665 
0.183879  0.184631   0.000753 
0.218891  0.219727   0.000836 
0.256968  0.257874   0.000905 
0.298121  0.299072   0.000951 
0.342360  0.343323   0.000963 
0.001777  0.001846   0.000069 
0.007292  0.007385   0.000094 
0.016481  0.016617   0.000136 
0.029347  0.029541   0.000194 
0.045892  0.046158   0.000265 
0.066121  0.066467   0.000347 
0.090033  0.090469   0.000436 
0.117630  0.118164   0.000534 
0.148911  0.149551   0.000640 
0.183879  0.184631   0.000753 
0.222534  0.223404   0.000870 
0.264882  0.265869   0.000987 
0.310933  0.312027   0.001094 
0.360704  0.361877   0.001174 
0.414213  0.415421   0.001208 
0.002169  0.002197   0.000028 
0.008742  0.008789   0.000047 
0.019679  0.019775   0.000096 
0.034989  0.035156   0.000168 
0.054679  0.054932   0.000253 
0.078753  0.079102   0.000349 
0.107212  0.107666   0.000454 
0.140055  0.140625   0.000570 
0.177282  0.177979   0.000696 
0.218891  0.219727   0.000836 
0.264882  0.265869   0.000987 
0.315258  0.316406   0.001149 
0.370029  0.371338   0.001309 
0.429220  0.430664   0.001444 
0.492869  0.494385   0.001515 
0.002626  0.002579   0.000048 
0.010347  0.010315   0.000032 
0.023173  0.023209   0.000036 
0.041132  0.041260   0.000127 
0.064238  0.064468   0.000231 
0.092493  0.092834   0.000342 
0.125896  0.126358   0.000462 
0.164446  0.165039   0.000593 
0.208138  0.208878   0.000740 
0.256968  0.257874   0.000905 
0.310933  0.312027   0.001094 
0.370029  0.371338   0.001309 
0.434261  0.435806   0.001545 
0.503654  0.505432   0.001778 
0.578283  0.580215   0.001933 
0.003197  0.002991   0.000207 
0.012123  0.011963   0.000160 
0.026963  0.026917   0.000046 
0.047774  0.047852   0.000077 
0.074567  0.074768   0.000201 
0.107340  0.107666   0.000326 
0.146087  0.146545   0.000458 
0.190804  0.191406   0.000602 
0.241484  0.242249   0.000764 
0.298121  0.299072   0.000951 
0.360704  0.361877   0.001174 
0.429220  0.430664   0.001444 
0.503654  0.505432   0.001778 
0.584005  0.586182   0.002176 
0.670361  0.672913   0.002551 
0.004005  0.003433   0.000572 
0.014069  0.013733   0.000336 
0.031030  0.030899   0.000131 
0.054903  0.054932   0.000028 
0.085663  0.085831   0.000168 
0.123292  0.123596   0.000304 
0.167784  0.168228   0.000445 
0.219133  0.219727   0.000593 
0.277330  0.278091   0.000761 
0.342360  0.343323   0.000963 
0.414213  0.415421   0.001208 
0.492869  0.494385   0.001515 
0.578283  0.580215   0.001933 
0.670361  0.672913   0.002551 
0.768983  0.772476   0.003493 
