0.049979  0.078459   0.028480 
0.205603  0.233446   0.027843 
0.356164  0.382683   0.026519 
0.497955  0.522498   0.024543 
0.627485  0.649448   0.021963 
0.741564  0.760406   0.018842 
0.837383  0.852640   0.015257 
0.912583  0.923880   0.011297 
0.965312  0.972370   0.007058 
0.994272  0.996917   0.002645 
0.998750  0.996917   0.001833 
0.978636  0.972370   0.006266 
0.934424  0.923879   0.010545 
0.867203  0.852640   0.014563 
0.778629  0.760406   0.018223 
0.670882  0.649448   0.021434 
0.546617  0.522499   0.024118 
0.408891  0.382683   0.026208 
0.261098  0.233445   0.027653 
0.106875  0.078459   0.028416 
-0.082222  0.000001   0.082223 
-0.545810  0.000001   0.545811 
-1.015251  0.000001   1.015252 
-1.481620  0.000001   1.481621 
-1.941392  0.000001   1.941393 
-2.391560  0.000001   2.391561 
-2.829167  0.000001   2.829167 
-3.251272  0.000001   3.251273 
-3.654988  0.000001   3.654989 
-4.037525  0.000001   4.037526 
-4.396235  0.000001   4.396236 
-4.728647  0.000001   4.728648 
-5.032498  0.000001   5.032499 
-5.305742  0.000001   5.305744 
-5.546560  0.000001   5.546561 
-5.753327  0.000001   5.753329 
-5.924534  0.000001   5.924535 
-6.058500  0.000002   6.058502 
-6.151921  0.000002   6.151922 
-6.181756  0.000002   6.181758 
-6.107061  0.135859   6.242920 
-5.765917  0.406217   6.172134 
-5.323467  0.672515   5.995982 
-4.811889  0.932095   5.743984 
-4.242759  1.182361   5.425119 
-3.626368  1.420813   5.047181 
-2.973059  1.645069   4.618128 
-2.293341  1.852888   4.146229 
-1.597796  2.042193   3.639989 
-0.896932  2.211094   3.108026 
-0.201016  2.357902   2.558918 
0.480101  2.481150   2.001050 
1.137160  2.579608   1.442449 
1.761638  2.652291   0.890654 
2.345928  2.698474   0.352546 
2.883839  2.717694   0.166145 
3.371485  2.709760   0.661725 
3.809362  2.674751   1.134611 
4.212249  2.613016   1.599232 
3.415629  1.581178   1.834451 
0.000000  0.000000   0.000000 
0.000000  0.000000   0.000000 
0.000000  0.000000   0.000000 
0.000000  0.000000   0.000000 
0.000000  0.000000   0.000000 
0.000000  0.000000   0.000000 
0.000000  0.000000   0.000000 
0.000000  0.000000   0.000000 
0.000000  0.000000   0.000000 
0.000000  0.000000   0.000000 
0.000000  0.000000   0.000000 
0.000000  0.000000   0.000000 
0.000000  0.000000   0.000000 
0.000000  0.000000   0.000000 
0.000000  0.000000   0.000000 
0.000000  0.000000   0.000000 
0.000000  0.000000   0.000000 
0.000000  0.000000   0.000000 
0.000000  0.000000   0.000000 
0.000000  0.000000   0.000000 
0.057167  0.132716   0.075548 
0.254555  0.263360   0.008805 
0.427525  0.389895   0.037630 
0.589353  0.510346   0.079008 
0.738785  0.622833   0.115952 
0.871612  0.725601   0.146011 
0.984384  0.817046   0.167338 
1.074965  0.895741   0.179224 
1.141763  0.960459   0.181305 
1.183314  1.010189   0.173125 
1.198752  1.044155   0.154596 
1.188248  1.061828   0.126420 
1.152643  1.062931   0.089712 
1.092999  1.047448   0.045552 
1.010758  1.015619   0.004861 
0.097556  0.141275   0.043719 
0.334503  0.280345   0.054158 
0.552201  0.415041   0.137160 
0.750542  0.543260   0.207282 
0.927289  0.663002   0.264287 
1.078696  0.772398   0.306298 
1.201001  0.869741   0.331260 
1.291069  0.953512   0.337558 
1.346641  1.022403   0.324238 
1.366431  1.075340   0.291091 
1.350160  1.111497   0.238662 
1.298534  1.130310   0.168224 
1.213190  1.131484   0.081706 
1.096595  1.115002   0.018407 
0.951949  1.081121   0.129172 
0.153394  0.150386   0.003008 
0.423849  0.298426   0.125423 
0.678044  0.441809   0.236235 
0.909313  0.578298   0.331015 
1.112210  0.705762   0.406448 
1.281496  0.822213   0.459283 
1.412445  0.925834   0.486611 
1.501230  1.015008   0.486222 
1.545203  1.088342   0.456861 
1.543048  1.144694   0.398354 
1.494828  1.183183   0.311645 
1.401955  1.203209   0.198746 
1.267100  1.204459   0.062642 
1.094060  1.186914   0.092854 
0.887607  1.150847   0.263241 
0.210998  0.160086   0.050912 
0.516891  0.317673   0.199218 
0.805642  0.470303   0.335338 
1.067978  0.615595   0.452383 
1.295982  0.751280   0.544702 
1.482650  0.875241   0.607408 
1.622013  0.985545   0.636467 
1.709404  1.080470   0.628934 
1.741729  1.158535   0.583194 
1.717630  1.218520   0.499110 
1.637544  1.259492   0.378052 
1.503639  1.280809   0.222830 
1.319677  1.282140   0.037538 
1.090816  1.263463   0.172647 
0.823400  1.225070   0.401670 
0.268440  0.170410   0.098030 
0.611241  0.338161   0.273079 
0.934596  0.500635   0.433961 
1.227656  0.655297   0.572359 
1.480646  0.799733   0.680912 
1.684867  0.931690   0.753178 
1.832987  1.049108   0.783880 
1.919369  1.150154   0.769215 
1.940395  1.233254   0.707141 
1.894660  1.297108   0.597552 
1.783021  1.340722   0.442299 
1.608482  1.363414   0.245068 
1.375978  1.364831   0.011148 
1.092087  1.344949   0.252862 
0.764740  1.304081   0.539341 
0.325414  0.181401   0.144013 
0.706105  0.359971   0.346134 
1.064709  0.532923   0.531786 
1.389113  0.697560   0.691553 
1.667894  0.851312   0.816583 
1.890664  0.991779   0.898885 
2.048586  1.116769   0.931816 
2.134900  1.224333   0.910567 
2.145374  1.312792   0.832582 
2.078559  1.380764   0.697794 
1.935819  1.427191   0.508628 
1.721131  1.451347   0.269784 
1.440736  1.452855   0.012119 
1.102728  1.431691   0.328963 
0.716662  1.388187   0.671525 
0.381910  0.193100   0.188810 
0.801011  0.383187   0.417824 
1.195756  0.567294   0.628462 
1.552832  0.742549   0.810284 
1.859132  0.906216   0.952916 
2.102389  1.055743   1.046646 
2.271991  1.188795   1.083197 
2.359805  1.303296   1.056509 
2.360843  1.397459   0.963384 
2.273639  1.469816   0.803823 
2.100231  1.519237   0.580994 
1.845806  1.544950   0.300856 
1.518140  1.546556   0.028416 
1.126991  1.524027   0.397036 
0.683585  1.477717   0.794132 
0.437619  0.205554   0.232065 
0.895118  0.407900   0.487217 
1.327030  0.603881   0.723148 
1.718802  0.790439   0.928363 
2.055411  0.964662   1.090749 
2.322271  1.123832   1.198439 
2.506477  1.265465   1.241012 
2.598076  1.387351   1.210725 
2.591104  1.487588   1.103517 
2.484137  1.564611   0.919526 
2.280206  1.617219   0.662987 
1.986138  1.644591   0.341547 
1.611618  1.646300   0.034682 
1.168287  1.622319   0.454031 
0.669087  1.573022   0.903934 
0.491428  0.218811   0.272617 
0.986622  0.434207   0.552414 
1.456774  0.642828   0.813945 
1.886142  0.841418   1.044724 
2.257290  1.026878   1.230412 
2.552492  1.196313   1.356179 
2.755641  1.347081   1.408560 
2.854199  1.476828   1.377372 
2.840835  1.583529   1.257306 
2.714308  1.665520   1.048788 
2.479249  1.721521   0.757728 
2.144915  1.750658   0.394257 
1.723525  1.752477   0.028952 
1.228893  1.726949   0.498056 
0.675660  1.674473   0.998813 
0.541127  0.232923   0.308204 
1.071919  0.462211   0.609708 
1.581368  0.684287   0.897080 
2.052552  0.895685   1.156868 
2.464630  1.093106   1.371524 
2.795331  1.273469   1.521862 
3.023848  1.433960   1.589888 
3.133746  1.572075   1.561672 
3.115603  1.685658   1.429945 
2.968625  1.772937   1.195688 
2.700258  1.832549   0.867708 
2.323686  1.863566   0.460120 
1.854698  1.865502   0.010805 
1.309578  1.838328   0.528750 
0.704448  1.782467   1.078019 
0.582618  0.247945   0.334673 
1.144136  0.492022   0.652114 
1.694053  0.728420   0.965633 
2.213541  0.953452   1.260089 
2.676347  1.163605   1.512742 
3.053423  1.355601   1.697822 
3.316993  1.526443   1.790550 
3.444485  1.673465   1.771020 
3.422855  1.794373   1.628482 
3.252140  1.887281   1.364858 
2.945137  1.950739   0.994399 
2.522004  1.983756   0.538248 
2.003747  1.985817   0.017931 
1.409139  1.956890   0.547750 
0.755011  1.897426   1.142415 
0.607504  0.263936   0.343568 
1.190272  0.523754   0.666518 
1.782968  0.775399   1.007569 
2.361483  1.014944   1.346539 
2.890150  1.238651   1.651499 
3.330107  1.443029   1.887078 
3.643716  1.624890   2.018826 
3.798509  1.781394   2.017115 
3.774046  1.910101   1.863946 
3.571135  2.009000   1.562135 
3.213765  2.076551   1.137215 
2.735868  2.111697   0.624171 
2.165954  2.113891   0.052063 
1.523904  2.083098   0.559195 
0.825210  2.019800   1.194590 
0.596979  0.280959   0.316020 
1.185507  0.557533   0.627974 
1.828655  0.825408   1.003247 
2.484991  1.080402   1.404589 
3.102332  1.318537   1.783795 
3.629438  1.536097   2.093341 
4.016711  1.729686   2.287025 
4.216133  1.896284   2.319849 
4.189516  2.033291   2.156224 
3.934150  2.138570   1.795581 
3.500721  2.210477   1.290244 
2.954373  2.247890   0.706483 
2.331739  2.250225   0.081514 
1.647487  2.217447   0.569959 
0.911452  2.150065   1.238614 
0.501473  0.299079   0.202394 
1.082422  0.593491   0.488931 
1.803212  0.878642   0.924570 
2.570252  1.150082   1.420170 
3.307905  1.403575   1.904329 
3.954854  1.635166   2.319688 
4.452455  1.841241   2.611214 
4.732939  2.018584   2.714355 
4.713563  2.164427   2.549136 
4.354251  2.276496   2.077755 
3.783999  2.353040   1.430959 
3.153105  2.392866   0.760239 
2.485715  2.395352   0.090363 
1.771675  2.360460   0.588784 
1.009659  2.288733   1.279074 
0.161901  0.318368   0.156467 
0.804528  0.631768   0.172760 
1.679880  0.935310   0.744570 
2.606949  1.224256   1.382693 
3.500964  1.494098   2.006866 
4.303987  1.740626   2.563361 
4.961683  1.959991   3.001692 
5.401550  2.148771   3.252778 
5.468754  2.304021   3.164733 
4.848730  2.423317   2.425413 
3.980218  2.504798   1.475420 
3.288171  2.547193   0.740978 
2.610888  2.549839   0.061049 
1.889882  2.512696   0.622814 
1.117144  2.436343   1.319199 
