0.049979  3.938520 
0.205603  -0.967574 
0.356164  -2.206866 
0.497955  -2.827533 
0.627485  -3.244278 
0.741564  -3.452824 
0.837383  -3.420110 
0.912583  -3.126671 
0.965312  -2.569689 
0.994272  -1.761950 
0.998750  -0.730973 
0.978636  0.484415 
0.934424  1.837098 
0.867203  3.269783 
0.778629  4.722740 
0.670882  6.141343 
0.546617  7.478169 
0.408891  8.703172 
0.261098  9.783638 
0.106875  10.072687 
-0.082222  -2.050630 
-0.545810  -2.155768 
-1.015251  -2.266297 
-1.481620  -2.382492 
-1.941392  -2.504645 
-2.391560  -2.633061 
-2.829167  -2.768061 
-3.251272  -2.909983 
-3.654988  -3.059181 
-4.037525  -3.216028 
-4.396235  -3.380918 
-4.728647  -3.554261 
-5.032498  -3.736492 
-5.305742  -3.928066 
-5.546560  -4.129462 
-5.753327  -4.341184 
-5.924534  -4.563762 
-6.058500  -4.797751 
-6.151921  -5.043737 
-6.181756  -5.302334 
-6.107061  0.135857 
-5.765917  0.406215 
-5.323467  0.672514 
-4.811889  0.932093 
-4.242759  1.182359 
-3.626368  1.420811 
-2.973059  1.645067 
-2.293341  1.852886 
-1.597796  2.042192 
-0.896932  2.211093 
-0.201016  2.357901 
0.480101  2.481150 
1.137160  2.579608 
1.761638  2.652291 
2.345928  2.698474 
2.883839  2.717694 
3.371485  2.709760 
3.809362  2.674751 
4.212249  2.613017 
3.415629  2.525174 
0.000000  17.033600 
0.000000  -2.023321 
0.000000  -7.785577 
0.000000  -9.350349 
0.000000  -9.722400 
0.000000  -9.637769 
0.000000  -9.331156 
0.000000  -8.907190 
0.000000  -8.421113 
0.000000  -7.904155 
0.000000  -7.374394 
0.000000  -6.842226 
0.000000  -6.313593 
0.000000  -5.792132 
0.000000  -5.281066 
0.000000  -4.785713 
0.000000  -4.319995 
0.000000  -3.951999 
0.000000  -4.251114 
0.000000  -10.032517 
0.057167  0.000000 
0.254555  0.000000 
0.427525  0.000000 
0.589353  0.000000 
0.738785  0.000000 
0.871612  0.000000 
0.984384  0.000000 
1.074965  0.000000 
1.141763  0.000000 
1.183314  0.000000 
1.198752  0.000000 
1.188248  0.000000 
1.152643  0.000000 
1.092999  0.000000 
1.010758  0.000000 
0.097556  0.000000 
0.334503  0.000000 
0.552201  0.000000 
0.750542  0.000000 
0.927289  0.000000 
1.078696  0.000000 
1.201001  0.000000 
1.291069  0.000000 
1.346641  0.000000 
1.366431  0.000000 
1.350160  0.000000 
1.298534  0.000000 
1.213190  0.000000 
1.096595  0.000000 
0.951949  0.000000 
0.153394  0.000000 
0.423849  0.000000 
0.678044  0.000000 
0.909313  0.000000 
1.112210  0.000000 
1.281496  0.000000 
1.412445  0.000000 
1.501230  0.000000 
1.545203  0.000000 
1.543048  0.000000 
1.494828  0.000000 
1.401955  0.000000 
1.267100  0.000000 
1.094060  0.000000 
0.887607  0.000000 
0.210998  0.000000 
0.516891  0.000000 
0.805642  0.000000 
1.067978  0.000000 
1.295982  0.000000 
1.482650  0.000000 
1.622013  0.000000 
1.709404  0.000000 
1.741729  0.000000 
1.717630  0.000000 
1.637544  0.000000 
1.503639  0.000000 
1.319677  0.000000 
1.090816  0.000000 
0.823400  0.000000 
0.268440  0.000000 
0.611241  0.000000 
0.934596  0.000000 
1.227656  0.000000 
1.480646  0.000000 
1.684867  0.000000 
1.832987  0.000000 
1.919369  0.000000 
1.940395  0.000000 
1.894660  0.000000 
1.783021  0.000000 
1.608482  0.000000 
1.375978  0.000000 
1.092087  0.000000 
0.764740  0.000000 
0.325414  0.000000 
0.706105  0.000000 
1.064709  0.000000 
1.389113  0.000000 
1.667894  0.000000 
1.890664  0.000000 
2.048586  0.000000 
2.134900  0.000000 
2.145374  0.000000 
2.078559  0.000000 
1.935819  0.000000 
1.721131  0.000000 
1.440736  0.000000 
1.102728  0.000000 
0.716662  0.000000 
0.381910  0.000000 
0.801011  0.000000 
1.195756  0.000000 
1.552832  0.000000 
1.859132  0.000000 
2.102389  0.000000 
2.271991  0.000000 
2.359805  0.000000 
2.360843  0.000000 
2.273639  0.000000 
2.100231  0.000000 
1.845806  0.000000 
1.518140  0.000000 
1.126991  0.000000 
0.683585  0.000000 
0.437619  0.000000 
0.895118  0.000000 
1.327030  0.000000 
1.718802  0.000000 
2.055411  0.000000 
2.322271  0.000000 
2.506477  0.000000 
2.598076  0.000000 
2.591104  0.000000 
2.484137  0.000000 
2.280206  0.000000 
1.986138  0.000000 
1.611618  0.000000 
1.168287  0.000000 
0.669087  0.000000 
0.491428  0.000000 
0.986622  0.000000 
1.456774  0.000000 
1.886142  0.000000 
2.257290  0.000000 
2.552492  0.000000 
2.755641  0.000000 
2.854199  0.000000 
2.840835  0.000000 
2.714308  0.000000 
2.479249  0.000000 
2.144915  0.000000 
1.723525  0.000000 
1.228893  0.000000 
0.675660  0.000000 
0.541127  0.000000 
1.071919  0.000000 
1.581368  0.000000 
2.052552  0.000000 
2.464630  0.000000 
2.795331  0.000000 
3.023848  0.000000 
3.133746  0.000000 
3.115603  0.000000 
2.968625  0.000000 
2.700258  0.000000 
2.323686  0.000000 
1.854698  0.000000 
1.309578  0.000000 
0.704448  0.000000 
0.582618  0.000000 
1.144136  0.000000 
1.694053  0.000000 
2.213541  0.000000 
2.676347  0.000000 
3.053423  0.000000 
3.316993  0.000000 
3.444485  0.000000 
3.422855  0.000000 
3.252140  0.000000 
2.945137  0.000000 
2.522004  0.000000 
2.003747  0.000000 
1.409139  0.000000 
0.755011  0.000000 
0.607504  0.000000 
1.190272  0.000000 
1.782968  0.000000 
2.361483  0.000000 
2.890150  0.000000 
3.330107  0.000000 
3.643716  0.000000 
3.798509  0.000000 
3.774046  0.000000 
3.571135  0.000000 
3.213765  0.000000 
2.735868  0.000000 
2.165954  0.000000 
1.523904  0.000000 
0.825210  0.000000 
0.596979  0.000000 
1.185507  0.000000 
1.828655  0.000000 
2.484991  0.000000 
3.102332  0.000000 
3.629438  0.000000 
4.016711  0.000000 
4.216133  0.000000 
4.189516  0.000000 
3.934150  0.000000 
3.500721  0.000000 
2.954373  0.000000 
2.331739  0.000000 
1.647487  0.000000 
0.911452  0.000000 
0.501473  0.000000 
1.082422  0.000000 
1.803212  0.000000 
2.570252  0.000000 
3.307905  0.000000 
3.954854  0.000000 
4.452455  0.000000 
4.732939  0.000000 
4.713563  0.000000 
4.354251  0.000000 
3.783999  0.000000 
3.153105  0.000000 
2.485715  0.000000 
1.771675  0.000000 
1.009659  0.000000 
0.161901  0.000000 
0.804528  0.000000 
1.679880  0.000000 
2.606949  0.000000 
3.500964  0.000000 
4.303987  0.000000 
4.961683  0.000000 
5.401550  0.000000 
5.468754  0.000000 
4.848730  0.000000 
3.980218  0.000000 
3.288171  0.000000 
2.610888  0.000000 
1.889882  0.000000 
1.117144  0.000000 
