0.000000  0.007705 
0.000000  -0.001166 
0.000000  -0.001447 
0.000000  -0.000713 
0.000000  -0.000295 
0.000000  -0.000067 
0.000000  0.000070 
0.000000  0.000159 
0.000000  0.000215 
0.000000  0.000246 
0.000000  0.000254 
0.000000  0.000239 
0.000000  0.000197 
0.000000  0.000122 
0.000000  -0.000002 
0.000000  -0.000217 
0.000000  -0.000643 
0.000000  -0.001583 
0.000000  -0.002508 
0.000000  0.012173 
0.003283  0.001250 
0.006401  0.011250 
0.015979  0.031250 
0.030763  0.061250 
0.050614  0.101250 
0.075493  0.151250 
0.105384  0.211250 
0.140278  0.281250 
0.180172  0.361250 
0.225059  0.451250 
0.274937  0.551250 
0.329800  0.661250 
0.389644  0.781250 
0.454461  0.911250 
0.524238  1.051250 
0.598958  1.201250 
0.678582  1.361250 
0.763031  1.531250 
0.852060  1.711250 
0.944006  1.901250 
0.944006  1.901250 
0.852060  1.711250 
0.763031  1.531250 
0.678582  1.361250 
0.598958  1.201250 
0.524238  1.051250 
0.454461  0.911250 
0.389644  0.781250 
0.329800  0.661250 
0.274937  0.551250 
0.225059  0.451250 
0.180172  0.361250 
0.140278  0.281250 
0.105384  0.211250 
0.075493  0.151250 
0.050614  0.101250 
0.030763  0.061250 
0.015979  0.031250 
0.006401  0.011250 
0.003283  0.001250 
0.000000  0.012173 
0.000000  -0.002508 
0.000000  -0.001583 
0.000000  -0.000643 
0.000000  -0.000217 
0.000000  -0.000002 
0.000000  0.000122 
0.000000  0.000197 
0.000000  0.000239 
0.000000  0.000254 
0.000000  0.000246 
0.000000  0.000215 
0.000000  0.000159 
0.000000  0.000070 
0.000000  -0.000067 
0.000000  -0.000295 
0.000000  -0.000713 
0.000000  -0.001447 
0.000000  -0.001166 
0.000000  0.007705 
-0.000148  0.000000 
-0.000077  0.000000 
0.000008  0.000000 
0.000119  0.000000 
0.000258  0.000000 
0.000429  0.000000 
0.000630  0.000000 
0.000861  0.000000 
0.001127  0.000000 
0.001432  0.000000 
0.001777  0.000000 
0.002169  0.000000 
0.002626  0.000000 
0.003197  0.000000 
0.004005  0.000000 
-0.000077  0.000000 
0.000105  0.000000 
0.000411  0.000000 
0.000837  0.000000 
0.001385  0.000000 
0.002054  0.000000 
0.002847  0.000000 
0.003764  0.000000 
0.004809  0.000000 
0.005983  0.000000 
0.007292  0.000000 
0.008742  0.000000 
0.010347  0.000000 
0.012123  0.000000 
0.014069  0.000000 
0.000008  0.000000 
0.000411  0.000000 
0.001090  0.000000 
0.002045  0.000000 
0.003274  0.000000 
0.004778  0.000000 
0.006558  0.000000 
0.008616  0.000000 
0.010954  0.000000 
0.013574  0.000000 
0.016481  0.000000 
0.019679  0.000000 
0.023173  0.000000 
0.026963  0.000000 
0.031030  0.000000 
0.000119  0.000000 
0.000837  0.000000 
0.002045  0.000000 
0.003741  0.000000 
0.005925  0.000000 
0.008598  0.000000 
0.011761  0.000000 
0.015415  0.000000 
0.019563  0.000000 
0.024206  0.000000 
0.029347  0.000000 
0.034989  0.000000 
0.041132  0.000000 
0.047774  0.000000 
0.054903  0.000000 
0.000258  0.000000 
0.001385  0.000000 
0.003274  0.000000 
0.005925  0.000000 
0.009339  0.000000 
0.013516  0.000000 
0.018457  0.000000 
0.024163  0.000000 
0.030637  0.000000 
0.037879  0.000000 
0.045892  0.000000 
0.054679  0.000000 
0.064238  0.000000 
0.074567  0.000000 
0.085663  0.000000 
0.000429  0.000000 
0.002054  0.000000 
0.004778  0.000000 
0.008598  0.000000 
0.013516  0.000000 
0.019532  0.000000 
0.026646  0.000000 
0.034860  0.000000 
0.044176  0.000000 
0.054596  0.000000 
0.066121  0.000000 
0.078753  0.000000 
0.092493  0.000000 
0.107340  0.000000 
0.123292  0.000000 
0.000630  0.000000 
0.002847  0.000000 
0.006558  0.000000 
0.011761  0.000000 
0.018457  0.000000 
0.026646  0.000000 
0.036329  0.000000 
0.047507  0.000000 
0.060183  0.000000 
0.074357  0.000000 
0.090033  0.000000 
0.107212  0.000000 
0.125896  0.000000 
0.146087  0.000000 
0.167784  0.000000 
0.000861  0.000000 
0.003764  0.000000 
0.008616  0.000000 
0.015415  0.000000 
0.024163  0.000000 
0.034860  0.000000 
0.047507  0.000000 
0.062106  0.000000 
0.078658  0.000000 
0.097165  0.000000 
0.117630  0.000000 
0.140055  0.000000 
0.164446  0.000000 
0.190804  0.000000 
0.219133  0.000000 
0.001127  0.000000 
0.004809  0.000000 
0.010954  0.000000 
0.019563  0.000000 
0.030637  0.000000 
0.044176  0.000000 
0.060183  0.000000 
0.078658  0.000000 
0.099603  0.000000 
0.123019  0.000000 
0.148911  0.000000 
0.177282  0.000000 
0.208138  0.000000 
0.241484  0.000000 
0.277330  0.000000 
0.001432  0.000000 
0.005983  0.000000 
0.013574  0.000000 
0.024206  0.000000 
0.037879  0.000000 
0.054596  0.000000 
0.074357  0.000000 
0.097165  0.000000 
0.123019  0.000000 
0.151923  0.000000 
0.183879  0.000000 
0.218891  0.000000 
0.256968  0.000000 
0.298121  0.000000 
0.342360  0.000000 
0.001777  0.000000 
0.007292  0.000000 
0.016481  0.000000 
0.029347  0.000000 
0.045892  0.000000 
0.066121  0.000000 
0.090033  0.000000 
0.117630  0.000000 
0.148911  0.000000 
0.183879  0.000000 
0.222534  0.000000 
0.264882  0.000000 
0.310933  0.000000 
0.360704  0.000000 
0.414213  0.000000 
0.002169  0.000000 
0.008742  0.000000 
0.019679  0.000000 
0.034989  0.000000 
0.054679  0.000000 
0.078753  0.000000 
0.107212  0.000000 
0.140055  0.000000 
0.177282  0.000000 
0.218891  0.000000 
0.264882  0.000000 
0.315258  0.000000 
0.370029  0.000000 
0.429220  0.000000 
0.492869  0.000000 
0.002626  0.000000 
0.010347  0.000000 
0.023173  0.000000 
0.041132  0.000000 
0.064238  0.000000 
0.092493  0.000000 
0.125896  0.000000 
0.164446  0.000000 
0.208138  0.000000 
0.256968  0.000000 
0.310933  0.000000 
0.370029  0.000000 
0.434261  0.000000 
0.503654  0.000000 
0.578283  0.000000 
0.003197  0.000000 
0.012123  0.000000 
0.026963  0.000000 
0.047774  0.000000 
0.074567  0.000000 
0.107340  0.000000 
0.146087  0.000000 
0.190804  0.000000 
0.241484  0.000000 
0.298121  0.000000 
0.360704  0.000000 
0.429220  0.000000 
0.503654  0.000000 
0.584005  0.000000 
0.670361  0.000000 
0.004005  0.000000 
0.014069  0.000000 
0.031030  0.000000 
0.054903  0.000000 
0.085663  0.000000 
0.123292  0.000000 
0.167784  0.000000 
0.219133  0.000000 
0.277330  0.000000 
0.342360  0.000000 
0.414213  0.000000 
0.492869  0.000000 
0.578283  0.000000 
0.670361  0.000000 
0.768983  0.000000 
